0.651809
0.951916
0.706857
0.900089
0.919103
0.825432
0.862502
0.855173
0.939223
0.797128
0.935783
0.947104
0.752715
0.973804
0.940910
0.967893
0.651500
0.736657
0.876304
0.911551
0.920059
0.884977
0.983868
0.691621
0.934581
0.912947
0.860579
0.893393
0.816593
0.949900
0.903279
0.914541
0.763124
0.857792
0.792408
0.939665
0.927021
0.895628
0.960690
0.936449
0.948543
0.893985
0.875200
0.977195
0.945467
0.891752
0.684983
0.677049
0.891064
0.957109
0.924437
0.866215
0.810101
0.651594
0.881686
0.913389
0.892362
0.894093
0.887516
0.965870
0.781998
0.974046
0.806895
0.985326
0.964671
0.698072
0.843603
0.900427
0.813610
0.906259
0.857689
0.875015
0.798889
0.908867
0.875326
0.896524
0.823549
0.788310
0.936778
0.936143
0.922443
0.962176
0.784930
0.946683
0.762054
0.949458
0.952626
0.961352
0.958246
0.894799
0.978374
0.832502
0.803890
0.918668
0.796654
0.777147
0.834916
0.980363
0.802625
0.875994
0.746856
0.757601
0.977247
0.982700
0.831649
0.931994
0.921638
0.990853
0.932936
0.987252
0.945035
0.886105
0.703531
0.978621
0.963297
0.937059
0.770094
0.851310
0.945470
0.896831
0.683930
0.865839
0.934786
0.870754
0.939686
0.789500
0.901673
0.917591
0.846582
0.886989
0.820684
0.957632
0.860817
0.748638
0.977897
0.857326
0.860243
0.905268
0.905620
0.838566
0.802178
0.875154
0.843506
0.862893
0.767521
0.961752
0.975857
0.986298
0.936976
0.936156
0.932940
0.932789
0.856854
0.941594
0.832592
0.810668
0.912401
0.945640
0.891797
0.876758
0.852649
0.830074
0.928982
0.904466
0.705046
0.955491
0.870531
0.814524
0.857567
0.919906
0.698451
0.682858
0.863015
0.922845
0.899782
0.903272
0.941560
0.819429
0.847268
0.917363
0.834151
0.854170
0.917494
0.957866
0.582046
0.813994
0.966814
0.819832
0.963861
0.878516
0.974806
0.913409
0.946081
0.902243
0.916998
0.682525
0.814178
0.840920
0.934626
0.803556
0.835632
0.908612
0.781984
0.914484
0.894041
0.759784
0.943208
0.874197
0.626597
0.944572
0.916037
0.873704
0.867599
0.861574
0.921222
0.749959
0.973093
0.916675
0.830600
0.911870
0.901923
0.922512
0.973630
0.899192
0.750973
0.856203
0.843539
0.903772
0.801551
0.943545
0.950491
0.945205
0.938644
0.945168
0.906540
0.868610
0.682531
0.633372
0.915120
0.907189
0.799552
0.860825
0.940882
0.866214
0.939323
0.884240
0.880653
0.795422
0.827468
0.766665
0.940334
0.921156
0.901453
0.932129
0.767174
0.946807
0.905602
0.661810
0.910671
0.937744
0.818759
0.965820
0.830278
0.953681
0.915271
0.840888
0.601426
0.906696
0.826673
0.837254
0.809407
0.873932
0.970384
0.890581
0.843010
0.945380
0.875321
0.849953
0.922882
0.674158
0.889005
0.963044
0.706687
0.810636
0.846587
0.823270
0.922058
0.657009
0.813444
0.725318
0.942252
0.722339
0.962218
0.853130
0.581328
0.886053
0.934992
0.977453
0.987770
0.776007
0.826191
0.960447
0.644488
0.626765
0.968968
0.733898
0.945389
0.975412
0.966045
0.643652
0.958618
0.745248
0.884379
0.844876
0.877065
0.823430
0.942370
0.762904
0.850907
0.840802
0.974325
0.817029
0.982726
0.961696
0.765308
0.882397
0.966644
0.910630
0.814772
0.842667
0.845172
0.910402
0.953531
0.708914
0.903730
0.956884
0.859895
0.927539
0.856984
0.895953
0.962993
0.666090
0.908858
0.855046
0.929710
0.885691
0.836358
0.796770
0.881238
0.987097
0.888256
0.786876
0.909275
0.916131
0.923507
0.943527
0.788124
0.862776
0.710568
0.973451
0.781349
0.861834
0.750417
0.949029
0.682691
0.900191
0.793540
0.982012
0.796517
0.826837
0.720066
0.913173
0.844160
0.696406
0.924076
0.878449
0.912121
0.831627
0.884036
0.947018
0.875845
0.884278
0.966683
0.966854
0.934841
0.873463
0.762973
0.838403
0.862218
0.771971
0.917212
0.869942
0.758020
0.945033
0.889357
0.832607
0.908783
0.790822
0.938704
0.918520
0.906315
0.778987
0.766871
0.874268
0.863060
0.848007
0.897574
0.976725
0.889882
0.907718
0.689524
0.922149
0.860213
0.906272
0.875841
0.898988
0.895918
0.575674
0.900435
0.913900
0.860673
0.959973
0.883575
0.837190
0.934458
0.796055
0.858740
0.819027
0.745687
0.888661
0.826964
0.850834
0.899125
0.920368
0.874756
0.964838
0.826497
0.913783
0.880806
0.952526
0.697557
0.944487
0.924377
0.988824
0.701685
0.949456
0.864459
0.826757
0.853956
0.928214
0.969913
0.650092
0.864484
0.950391
0.903705
0.973270
0.894604
0.943747
0.925813
0.778906
0.897744
0.908532
0.935239
0.969665
0.964701
0.925215
0.559517
0.964906
0.879316
0.952022
0.647046
0.988166
0.969309
0.974266
0.846865
0.797654
0.945056
0.956928
0.727411
0.947821
0.862735
0.852836
0.911441
0.657839
0.905184
0.933593
0.902365
0.834071
0.518057
0.900102
0.863912
0.789581
0.817099
0.894460
0.885849
0.855951
0.977591
0.800467
0.787870
0.926936
0.897496
0.871863
0.691890
0.785756
0.848285
0.948964
0.851421
0.826869
0.881914
0.923044
0.885113
0.908391
0.941691
0.763795
0.872227
0.861283
0.870628
0.882648
0.886568
0.970691
0.919400
0.914407
0.850865
0.955657
0.938782
0.951984
0.919489
0.829427
0.669041
0.925956
0.979303
0.979639
0.730778
0.814058
0.785483
0.898039
0.914770
0.822271
0.641703
0.889405
0.730284
0.777717
0.915628
0.885951
0.897172
0.965298
0.944328
0.673139
0.870527
0.930354
0.760572
0.704566
0.913955
0.788912
0.690854
0.804518
0.907034
0.942765
0.910114
0.834645
0.844514
0.846889
0.733188
0.960484
0.783323
0.954945
0.876923
0.891901
0.865659
0.739748
0.926431
0.764185
0.612046
0.772088
0.953068
0.756965
0.808791
0.839830
0.927997
0.939498
0.957674
0.921257
0.850112
0.748163
0.943881
0.949262
0.837683
0.483168
0.751938
0.935202
0.921142
0.905160
0.820361
0.968197
0.970184
0.901038
0.734619
0.950490
0.952132
0.814064
0.856189
0.921941
0.647861
0.967668
0.656055
0.913010
0.922554
0.909022
0.787653
0.934401
0.835481
0.895223
0.820245
0.802892
0.877260
0.780559
0.735488
0.819748
0.853130
0.727782
0.835258
0.842688
0.939298
0.905825
0.860180
0.755582
0.792108
0.957991
0.893185
0.923277
0.853800
0.906577
0.849350
0.822833
0.787080
0.906309
0.880547
0.869935
0.915212
0.847087
0.825446
0.917738
0.710122
0.937202
0.830644
0.737050
0.931970
0.914636
0.823902
0.854533
0.917754
0.902209
0.955980
0.812289
0.866229
0.797169
0.917614
0.848595
0.900430
0.959951
0.764650
0.948637
